100
2
0.2500 0.5000 0.5000 0.2500
3
0.0000 0.0000 0.0000 0.0009 0.0013 0.1776
1
1.0000 0.1234
4
0.9205 0.4747 0.3279 0.5507 0.2302 0.3280 0.9903 0.8661
4
0.5002 0.4996 0.4999 0.5001 0.4997 1.0000 0.4998 0.5000
2
0.0814 0.5258 0.7222 0.7771
1
1.0000 1.0000
4
0.5085 0.1613 0.4343 0.8285 0.8926 0.3588 0.0989 0.9552
4
0.3989 0.3989 0.3989 0.3989 0.3989 0.3989 0.3989 0.3989
1
1.0000 0.0000
4
0.4001 0.4001 0.3996 0.4001 0.3996 0.4004 0.3995 0.4005
4
0.6733 0.5039 0.8810 0.7696 0.6718 0.2794 0.6444 0.3360
2
0.1092 0.5856 0.8565 0.0193
2
0.9998 0.9999 0.9997 1.0000
4
0.2901 0.2689 0.6282 0.2576 0.2188 0.5512 0.9260 0.0176
2
0.5001 0.5002 0.4999 0.5000
4
0.0000 1.0000 1.0000 1.0000 0.0000 1.0000 1.0000 0.0000
4
0.4000 0.6000 0.4000 0.6000 0.5000 0.6000 0.5000 0.4000
2
0.5000 0.4999 0.5000 0.5001
4
0.0334 0.8757 0.3770 0.5690 0.6247 0.1424 0.2807 0.8534
4
0.4924 0.4926 0.5215 0.5401 0.7154 0.0991 0.6457 0.4084
4
0.3012 0.1424 0.9497 0.2055 0.6738 0.4983 0.7315 0.0321
4
0.3995 0.4001 0.3995 0.3997 0.4000 0.3996 0.4003 0.4002
4
0.5875 0.6018 0.8911 0.2275 0.6396 0.0120 0.3037 0.3547
2
0.9991 0.6261 0.0673 0.6705
4
0.4346 0.7157 0.3229 0.2347 0.2634 0.7075 0.3059 0.3824
2
0.2688 0.7824 0.6850 0.9032
4
0.4004 0.3996 0.4004 0.3997 0.4001 0.4002 0.4002 0.4002
4
0.4998 0.5001 0.4999 0.5003 0.4997 0.4996 0.5002 0.5000
3
0.5592 0.5025 0.6660 0.8831 0.6882 0.6028
3
0.8430 0.1527 0.2850 0.8009 0.8914 0.0329
4
0.9642 0.2278 0.2304 0.1076 0.2957 0.0807 0.5871 0.7630
2
0.6761 0.2341 0.2217 0.4715
3
0.1700 0.8900 0.2183 0.9017 0.5404 0.2448
4
0.3288 0.6067 0.4527 0.4251 0.7706 0.8024 0.9388 0.1569
2
0.9702 0.0110 0.7015 0.2525
4
0.2132 0.3940 0.0824 0.7874 0.7801 0.8095 0.1221 0.0542
2
0.5984 0.9934 0.8584 0.8424
4
0.3000 0.2000 0.1000 0.7000 0.4000 0.6000 0.0000 0.5000
2
0.3141 0.9951 0.6949 0.2877
2
0.3165 0.9149 0.0257 0.5804
4
0.7154 0.8641 0.0784 0.5660 0.6465 0.0237 0.2236 0.8165
2
0.4999 0.4999 0.5000 0.5000
4
0.3999 0.4000 0.4002 0.3996 0.3995 0.4005 0.4001 0.4002
2
0.9999 1.0000 1.0000 1.0000
2
0.7420 0.2008 0.8135 0.9701
3
0.1542 0.5394 0.3103 0.9098 0.7227 0.2357
4
0.0000 0.5000 0.4999 0.5002 0.4998 0.5001 0.4997 0.4996
4
0.8889 0.5556 0.2222 0.1111 0.6667 0.7778 0.3333 0.4444
4
0.7373 0.6246 0.7807 0.4291 0.9993 0.4805 0.3174 0.9756
3
0.4412 0.2612 0.8140 0.1423 0.4167 0.5990
3
0.6064 0.1247 0.8237 0.1086 0.6941 0.9127
3
0.8796 0.7013 0.5666 0.7926 0.0507 0.1591
4
0.6901 0.1305 0.7085 0.5431 0.7986 0.6077 0.5114 0.3578
1
0.9876 0.1234
4
0.5815 0.1208 0.1919 0.1269 0.9098 0.0366 0.9875 0.2217
4
0.0007 0.0007 0.0007 0.0007 0.0007 0.0007 0.0007 0.0007
3
0.8484 0.9629 0.6231 0.4397 0.7215 0.8657
4
0.4997 0.4997 0.4998 0.4996 0.4996 0.4998 0.4999 0.4999
4
0.4490 0.0830 0.5648 0.9508 0.4991 0.7568 0.6409 0.0462
2
0.1079 0.0314 0.0606 0.3691
2
0.0045 0.8621 0.4312 0.7387
4
0.2528 0.6433 0.2089 0.8317 0.8828 0.8777 0.8303 0.0691
4
0.6012 0.5549 0.7745 0.3350 0.4718 0.3086 0.7510 0.8302
4
0.3960 0.8695 0.0564 0.2106 0.2216 0.1554 0.5295 0.2247
4
0.2000 0.7000 0.5000 0.3000 0.4000 1.0000 0.6000 0.1000
2
0.4038 0.8562 0.2260 0.3292
4
0.3239 0.0552 0.5306 0.0791 0.1406 0.7636 0.1365 0.6966
4
0.2506 0.7460 0.6259 0.6064 0.1784 0.1096 0.4366 0.5249
3
0.0042 0.9634 0.5010 0.8553 0.9849 0.6800
4
0.0001 0.0001 0.0001 0.0001 0.0001 0.0001 0.0001 0.0001
4
0.9653 0.4109 0.1778 0.5939 0.8977 0.5863 0.1725 0.7918
4
0.5414 0.3260 0.0192 0.8443 0.9458 0.9012 0.5245 0.6926
2
1.0000 1.0000 0.9999 0.9999
4
0.2534 0.7504 0.7701 0.3538 0.2712 0.4259 0.5494 0.7232
2
0.0992 0.7019 0.0884 0.0607
4
0.5815 0.9164 0.7106 0.3311 0.4831 0.1221 0.1972 0.8096
4
0.4660 0.8285 0.2542 0.9850 0.9444 0.9805 0.5051 0.5549
4
0.6315 0.1343 0.3603 0.7787 0.9375 0.7041 0.5675 0.7053
4
0.9810 0.9810 0.9810 0.9810 0.9810 0.9810 0.9810 0.9810
3
0.5890 0.3242 0.0955 0.5093 0.5409 0.4974
4
0.7468 0.1245 0.3339 0.9190 0.4518 0.1072 0.7364 0.0897
4
0.3995 0.3996 0.4002 0.3996 0.4001 0.3997 0.4000 0.4000
2
0.8194 0.8958 0.1038 0.2719
2
0.0330 0.8820 0.8156 0.2305
2
0.4401 0.4524 0.7822 0.4234
2
0.8555 0.2918 0.0636 0.0390
4
0.5330 0.2654 0.3780 0.4781 0.2579 0.9807 0.2235 0.9045
2
0.0002 0.0003 0.0001 0.0004
3
0.0613 0.1502 0.6634 0.2451 0.2461 0.4536
1
0.0000 0.0000
4
0.9460 0.9077 0.5788 0.6907 0.2132 0.3219 0.1435 0.8274
4
0.0000 0.0000 1.0000 0.0000 1.0000 0.0000 1.0000 1.0000
3
0.4981 0.6802 0.2036 0.5571 0.3963 0.8251
3
0.5029 0.5628 0.1873 0.3886 0.8689 0.8876
4
0.4020 0.9541 0.9274 0.5727 0.1413 0.2508 0.6520 0.4602
4
0.4178 0.0747 0.8117 0.7229 0.1367 0.6924 0.0843 0.9232
2
0.0000 0.5000 1.0000 0.5000
3
0.5337 0.1451 0.8017 0.2109 0.1150 0.8123
4
0.0002 0.0306 0.6963 0.6862 0.8603 0.3234 0.0001 0.7329
